Mtx: 
544.91 0.00 316.75
0.00 606.31 261.07
0.00 0.00 1.00
Revcs: 
[array([[-0.27629668],
       [-0.08453051],
       [-0.01749428]]), array([[-0.45127109],
       [-0.11605833],
       [-0.01260274]]), array([[-0.48130419],
       [-0.09569977],
       [ 0.01259085]]), array([[ 0.38707952],
       [-0.09950832],
       [-0.00944807]]), array([[ 0.31697781],
       [-0.06196865],
       [ 0.19430331]]), array([[ 0.18772145],
       [-0.10423571],
       [ 0.07374407]]), array([[0.19694351],
       [0.08861586],
       [0.06429345]]), array([[ 0.17529027],
       [-0.03833468],
       [ 0.01829953]]), array([[0.20155652],
       [0.07276088],
       [0.03807342]]), array([[0.58702108],
       [0.07530036],
       [0.00249047]]), array([[0.04203599],
       [0.03543754],
       [0.07420085]]), array([[ 0.10276041],
       [-0.11887407],
       [ 0.14762649]]), array([[0.14882136],
       [0.20656532],
       [0.08524947]]), array([[0.19440852],
       [0.0939698 ],
       [0.04325187]]), array([[ 0.14301759],
       [-0.28599597],
       [ 0.09573037]]), array([[0.13056629],
       [0.25758339],
       [0.09361848]]), array([[0.30146841],
       [0.13278365],
       [0.01680917]]), array([[0.38997729],
       [0.12026844],
       [0.00723466]]), array([[0.02724052],
       [0.05689665],
       [0.03875972]]), array([[ 0.00904023],
       [-0.08405994],
       [ 0.09348199]])]
Tvecs: 
[array([[-5.30718913],
       [-3.31667504],
       [17.11210478]]), array([[-4.55266495],
       [-2.08431318],
       [18.72588579]]), array([[-3.37205776],
       [-2.0624349 ],
       [20.44760595]]), array([[-6.44925947],
       [-3.03282848],
       [25.30349411]]), array([[-6.68889536],
       [-7.69000121],
       [32.14146404]]), array([[-3.43115812],
       [-2.4311145 ],
       [18.49983006]]), array([[-2.5506683 ],
       [-2.96657586],
       [19.40078227]]), array([[-3.15321814],
       [-2.64452745],
       [24.89777868]]), array([[-1.35034129],
       [-5.16346944],
       [34.14116179]]), array([[-2.69817673],
       [-4.31850854],
       [24.23866242]]), array([[-3.50568514],
       [-0.96249064],
       [24.1712332 ]]), array([[ 0.22890329],
       [-0.63593488],
       [22.11206771]]), array([[-1.47484436],
       [-2.08258695],
       [23.46181765]]), array([[-1.95205159],
       [-1.40863071],
       [17.81136172]]), array([[-6.64693136],
       [-3.62837164],
       [17.17911411]]), array([[ 2.61612299],
       [-2.72234782],
       [27.96966619]]), array([[-0.58911655],
       [-1.9497549 ],
       [25.39658606]]), array([[-0.24174634],
       [-1.57948559],
       [21.98240519]]), array([[-1.86422846],
       [-0.17985799],
       [24.1246224 ]]), array([[-1.94977212],
       [ 1.01829617],
       [23.90441363]])]
Dist: 
[[ 2.84542709e-01 -1.92052859e+00  1.35772811e-05 -7.62765800e-04
   4.00245238e+00]]
Mtx: 
553.05 0.00 315.55
0.00 632.49 270.17
0.00 0.00 1.00
Revcs: 
[array([[-0.27969662],
       [-0.08571206],
       [-0.01782585]]), array([[-0.45348706],
       [-0.11695767],
       [-0.01289264]]), array([[-0.48347664],
       [-0.09682977],
       [ 0.01235278]]), array([[ 0.38782237],
       [-0.10144223],
       [-0.00917553]]), array([[ 0.31919956],
       [-0.06487616],
       [ 0.19439229]]), array([[ 0.18748338],
       [-0.10453104],
       [ 0.07390374]]), array([[0.19751427],
       [0.08889348],
       [0.06433218]]), array([[ 0.17570522],
       [-0.03832683],
       [ 0.01842536]]), array([[0.20444181],
       [0.07258875],
       [0.03805488]]), array([[0.58741251],
       [0.07401794],
       [0.00278748]]), array([[0.04058325],
       [0.03534714],
       [0.07422039]]), array([[ 0.10059355],
       [-0.11790948],
       [ 0.14793426]])]
Tvecs: 
[array([[-5.33120797],
       [-3.29728638],
       [17.14906587]]), array([[-4.57836617],
       [-2.06457159],
       [18.7631359 ]]), array([[-3.39961349],
       [-2.04160388],
       [20.48805632]]), array([[-6.48279281],
       [-3.00541018],
       [25.35099064]]), array([[-6.73193664],
       [-7.65119076],
       [32.20520055]]), array([[-3.45695065],
       [-2.41298448],
       [18.54377044]]), array([[-2.57719137],
       [-2.94725051],
       [19.44252055]]), array([[-3.18750735],
       [-2.6203107 ],
       [24.9567634 ]]), array([[-1.39733608],
       [-5.12779609],
       [34.21514399]]), array([[-2.73116085],
       [-4.29197435],
       [24.29084081]]), array([[-3.53839303],
       [-0.94028349],
       [24.22397426]]), array([[ 0.19896828],
       [-0.6159636 ],
       [22.17169691]])]
Dist: 
[[]]
